T[0][0]=15.000000
T[0][1]=15.000000
T[0][2]=15.000000
T[0][3]=15.000000
T[0][4]=15.000000
T[0][5]=15.000000
T[0][6]=15.000000
T[1][0]=16.000000
T[1][1]=0.000000
T[1][2]=0.000000
T[1][3]=0.000000
T[1][4]=0.000000
T[1][5]=0.000000
T[1][6]=13.000000
T[2][0]=16.000000
T[2][1]=0.000000
T[2][2]=0.000000
T[2][3]=0.000000
T[2][4]=0.000000
T[2][5]=0.000000
T[2][6]=13.000000
T[3][0]=16.000000
T[3][1]=0.000000
T[3][2]=0.000000
T[3][3]=0.000000
T[3][4]=0.000000
T[3][5]=0.000000
T[3][6]=13.000000
T[4][0]=16.000000
T[4][1]=0.000000
T[4][2]=0.000000
T[4][3]=0.000000
T[4][4]=0.000000
T[4][5]=0.000000
T[4][6]=13.000000
T[5][0]=16.000000
T[5][1]=0.000000
T[5][2]=0.000000
T[5][3]=0.000000
T[5][4]=0.000000
T[5][5]=0.000000
T[5][6]=13.000000
T[6][0]=12.000000
T[6][1]=12.000000
T[6][2]=12.000000
T[6][3]=12.000000
T[6][4]=12.000000
T[6][5]=12.000000
T[6][6]=12.000000
